1.000000000000000000e+00 9.526157192633000204e-01 4.173682272905109847e-01 8.644765774658059732e-01 8.644765774658059732e-01 9.074767085875340422e-01 8.235139766288650520e-01 2.971280070069969859e-01 4.599216964368539884e-01 7.844923591696859599e-01 8.235139766288650520e-01 5.584868132045419653e-01 8.644765774658059732e-01 8.644765774658059732e-01 8.235139766288650520e-01 5.320233172599130311e-01 8.235139766288650520e-01 8.644765774658059732e-01 9.074767085875340422e-01 7.632036006804089612e-02 8.644765774658059732e-01 9.074767085875340422e-01 9.074767085875340422e-01 2.696367458278839946e-01 7.473197529869940459e-01 9.074767085875340422e-01 3.119075205233640125e-01 3.274221852696029833e-01 9.074767085875340422e-01 7.844923591696859599e-01 9.074767085875340422e-01 6.154282615956200297e-01 9.871230279895749742e-05 8.235139766288650520e-01 6.781752697030859478e-01 9.074767085875340422e-01 8.235139766288650520e-01 8.235139766288650520e-01 7.844923591696859599e-01 6.781752697030859478e-01 8.644765774658059732e-01 8.644765774658059732e-01 8.644765774658059732e-01 9.074767085875340422e-01 5.862666360748739480e-01 7.473197529869940459e-01 9.074767085875340422e-01 5.320233172599130311e-01 9.074767085875340422e-01 9.074767085875340422e-01 8.644765774658059732e-01 8.644765774658059732e-01 6.285088321737919426e-02 7.119085440113770424e-01 7.844923591696859599e-01 8.235139766288650520e-01 1.894848820408209943e-05 9.074767085875340422e-01 9.074767085875340422e-01 9.074767085875340422e-01 9.074767085875340422e-01 9.074767085875340422e-01 5.068137750363990168e-01 7.844923591696859599e-01 8.235139766288650520e-01 8.644765774658059732e-01 9.074767085875340422e-01 6.781752697030859478e-01 2.971280070069969859e-01 8.644765774658059732e-01 7.844923591696859599e-01 9.074767085875340422e-01 9.074767085875340422e-01 2.115279668533540103e-01 9.074767085875340422e-01 8.644765774658059732e-01 8.644765774658059732e-01 5.862666360748739480e-01 9.074767085875340422e-01 8.644765774658059732e-01 8.235139766288650520e-01 8.235139766288650520e-01 7.473197529869940459e-01 7.844923591696859599e-01 9.074767085875340422e-01 6.460404223347879782e-01 5.320233172599130311e-01 9.074767085875340422e-01 5.584868132045419653e-01 3.787519451706070073e-01 6.781752697030859478e-01 8.235139766288650520e-01 8.644765774658059732e-01 9.103685281508009665e-15 8.644765774658059732e-01 7.119085440113770424e-01 8.644765774658059732e-01 7.844923591696859599e-01 7.119085440113770424e-01 8.644765774658059732e-01 1.580790279386889985e-01 9.074767085875340422e-01 7.844923591696859599e-01 2.220496288019870035e-01 9.074767085875340422e-01 8.644765774658059732e-01 9.074767085875340422e-01 8.369151687308110398e-11 8.644765774658059732e-01 8.644765774658059732e-01 8.235139766288650520e-01 8.644765774658059732e-01 3.253072515659869920e-03 7.424925549409339826e-03 8.235139766288650520e-01 9.074767085875340422e-01 7.844923591696859599e-01 3.437085685745490116e-01 4.173682272905109847e-01 6.781752697030859478e-01 8.644765774658059732e-01 1.683744165621439887e-04 9.074767085875340422e-01 9.074767085875340422e-01 7.473197529869940459e-01 4.173682272905109847e-01 8.644765774658059732e-01 5.584868132045419653e-01 2.971280070069969859e-01 7.119085440113770424e-01 9.074767085875340422e-01 9.074767085875340422e-01 8.644765774658059732e-01 5.320233172599130311e-01 7.119085440113770424e-01 3.787519451706070073e-01 1.240117895628729955e-01 8.644765774658059732e-01 4.173682272905109847e-01 6.781752697030859478e-01
9.526157192633000204e-01 1.000000000000000000e+00 3.975915340379990170e-01 8.235139766288650520e-01 8.235139766288650520e-01 8.644765774658059732e-01 7.844923591696859599e-01 2.830488101082420105e-01 4.381286376559910267e-01 7.473197529869940459e-01 7.844923591696859599e-01 5.320233172599130311e-01 8.235139766288650520e-01 8.235139766288650520e-01 7.844923591696859599e-01 5.068137750363990168e-01 7.844923591696859599e-01 8.235139766288650520e-01 8.644765774658059732e-01 7.270397470065080581e-02 8.235139766288650520e-01 8.644765774658059732e-01 8.644765774658059732e-01 2.568602025666449906e-01 7.119085440113770424e-01 8.644765774658059732e-01 2.971280070069969859e-01 3.119075205233640125e-01 8.644765774658059732e-01 7.473197529869940459e-01 8.644765774658059732e-01 5.862666360748739480e-01 9.403489133096559337e-05 7.844923591696859599e-01 6.460404223347879782e-01 8.644765774658059732e-01 7.844923591696859599e-01 7.844923591696859599e-01 7.473197529869940459e-01 6.460404223347879782e-01 8.235139766288650520e-01 8.235139766288650520e-01 8.235139766288650520e-01 8.644765774658059732e-01 5.584868132045419653e-01 7.119085440113770424e-01 8.644765774658059732e-01 5.068137750363990168e-01 8.644765774658059732e-01 8.644765774658059732e-01 8.235139766288650520e-01 8.235139766288650520e-01 5.987273932245729818e-02 6.781752697030859478e-01 7.473197529869940459e-01 7.844923591696859599e-01 1.805062771948379884e-05 8.644765774658059732e-01 8.644765774658059732e-01 8.644765774658059732e-01 8.644765774658059732e-01 8.644765774658059732e-01 4.827987688388469811e-01 7.473197529869940459e-01 7.844923591696859599e-01 9.074767085875340422e-01 8.644765774658059732e-01 6.460404223347879782e-01 2.830488101082420105e-01 8.235139766288650520e-01 7.473197529869940459e-01 8.644765774658059732e-01 8.644765774658059732e-01 2.015048662883109909e-01 9.526157192633000204e-01 8.235139766288650520e-01 8.235139766288650520e-01 5.584868132045419653e-01 8.644765774658059732e-01 8.235139766288650520e-01 7.844923591696859599e-01 7.844923591696859599e-01 7.119085440113770424e-01 7.473197529869940459e-01 8.644765774658059732e-01 6.154282615956200297e-01 5.068137750363990168e-01 8.644765774658059732e-01 5.320233172599130311e-01 3.608050566710719886e-01 6.460404223347879782e-01 7.844923591696859599e-01 8.235139766288650520e-01 8.672313702390460774e-15 8.235139766288650520e-01 6.781752697030859478e-01 8.235139766288650520e-01 7.473197529869940459e-01 6.781752697030859478e-01 8.235139766288650520e-01 1.505885669002579863e-01 8.644765774658059732e-01 7.473197529869940459e-01 2.115279668533540103e-01 8.644765774658059732e-01 8.235139766288650520e-01 8.644765774658059732e-01 7.972585454228689481e-11 8.235139766288650520e-01 8.235139766288650520e-01 7.844923591696859599e-01 8.235139766288650520e-01 3.098928014321000041e-03 7.073100792727020011e-03 7.844923591696859599e-01 8.644765774658059732e-01 7.473197529869940459e-01 3.274221852696029833e-01 3.975915340379990170e-01 6.460404223347879782e-01 8.235139766288650520e-01 1.603961159388849985e-04 8.644765774658059732e-01 8.644765774658059732e-01 7.119085440113770424e-01 3.975915340379990170e-01 8.235139766288650520e-01 5.320233172599130311e-01 2.830488101082420105e-01 6.781752697030859478e-01 8.644765774658059732e-01 8.644765774658059732e-01 8.235139766288650520e-01 5.068137750363990168e-01 6.781752697030859478e-01 3.608050566710719886e-01 1.181355801115649973e-01 8.235139766288650520e-01 3.975915340379990170e-01 6.460404223347879782e-01
4.173682272905109847e-01 3.975915340379990170e-01 1.000000000000000000e+00 3.975915340379990170e-01 4.381286376559910267e-01 4.173682272905109847e-01 3.787519451706070073e-01 1.366556170415600124e-01 2.115279668533540103e-01 3.608050566710719886e-01 4.173682272905109847e-01 2.568602025666449906e-01 3.975915340379990170e-01 3.975915340379990170e-01 3.787519451706070073e-01 2.446890666181419927e-01 3.787519451706070073e-01 3.975915340379990170e-01 4.173682272905109847e-01 3.510138947516489721e-02 3.975915340379990170e-01 4.173682272905109847e-01 4.173682272905109847e-01 1.366556170415600124e-01 3.437085685745490116e-01 4.173682272905109847e-01 1.434530359705190050e-01 1.659420737471550000e-01 4.173682272905109847e-01 3.975915340379990170e-01 4.173682272905109847e-01 2.830488101082420105e-01 6.075034090966279664e-05 3.787519451706070073e-01 3.119075205233640125e-01 4.173682272905109847e-01 3.787519451706070073e-01 3.787519451706070073e-01 3.608050566710719886e-01 3.119075205233640125e-01 3.975915340379990170e-01 3.975915340379990170e-01 4.381286376559910267e-01 4.173682272905109847e-01 2.696367458278839946e-01 3.437085685745490116e-01 4.173682272905109847e-01 2.446890666181419927e-01 4.173682272905109847e-01 4.173682272905109847e-01 3.975915340379990170e-01 3.975915340379990170e-01 2.890648483189160040e-02 3.274221852696029833e-01 3.608050566710719886e-01 3.787519451706070073e-01 1.416057952415159968e-05 4.173682272905109847e-01 4.599216964368539884e-01 4.173682272905109847e-01 4.173682272905109847e-01 4.173682272905109847e-01 2.330946511923059905e-01 3.608050566710719886e-01 3.787519451706070073e-01 3.975915340379990170e-01 4.173682272905109847e-01 3.119075205233640125e-01 2.220496288019870035e-01 3.975915340379990170e-01 3.608050566710719886e-01 4.173682272905109847e-01 4.173682272905109847e-01 9.728630135903300336e-02 4.173682272905109847e-01 3.975915340379990170e-01 3.975915340379990170e-01 2.696367458278839946e-01 4.599216964368539884e-01 3.975915340379990170e-01 3.787519451706070073e-01 3.787519451706070073e-01 3.437085685745490116e-01 3.608050566710719886e-01 4.173682272905109847e-01 3.274221852696029833e-01 2.446890666181419927e-01 4.173682272905109847e-01 2.568602025666449906e-01 1.741962371516239949e-01 3.119075205233640125e-01 3.787519451706070073e-01 3.975915340379990170e-01 1.218178061682570063e-14 3.975915340379990170e-01 3.274221852696029833e-01 3.975915340379990170e-01 3.608050566710719886e-01 3.274221852696029833e-01 3.975915340379990170e-01 1.072052874067219996e-01 4.599216964368539884e-01 3.608050566710719886e-01 1.021254419717839979e-01 4.173682272905109847e-01 3.975915340379990170e-01 4.173682272905109847e-01 6.892113387025289669e-11 3.975915340379990170e-01 3.975915340379990170e-01 3.787519451706070073e-01 3.975915340379990170e-01 1.816798102394160102e-03 3.763054547060350197e-03 3.787519451706070073e-01 4.173682272905109847e-01 3.608050566710719886e-01 1.580790279386889985e-01 1.919567031342939989e-01 3.119075205233640125e-01 3.975915340379990170e-01 8.533447367741099502e-05 4.173682272905109847e-01 4.173682272905109847e-01 3.437085685745490116e-01 1.919567031342939989e-01 3.975915340379990170e-01 2.568602025666449906e-01 1.366556170415600124e-01 3.274221852696029833e-01 4.173682272905109847e-01 4.173682272905109847e-01 3.975915340379990170e-01 2.446890666181419927e-01 3.274221852696029833e-01 1.741962371516239949e-01 5.703571263392669816e-02 3.975915340379990170e-01 1.919567031342939989e-01 3.119075205233640125e-01
8.644765774658059732e-01 8.235139766288650520e-01 3.975915340379990170e-01 1.000000000000000000e+00 8.235139766288650520e-01 8.644765774658059732e-01 7.844923591696859599e-01 2.830488101082420105e-01 4.381286376559910267e-01 7.473197529869940459e-01 7.844923591696859599e-01 5.320233172599130311e-01 1.000000000000000000e+00 8.235139766288650520e-01 7.844923591696859599e-01 4.599216964368539884e-01 9.526157192633000204e-01 1.000000000000000000e+00 8.644765774658059732e-01 6.597716366257790066e-02 1.000000000000000000e+00 8.644765774658059732e-01 8.644765774658059732e-01 2.568602025666449906e-01 7.119085440113770424e-01 8.644765774658059732e-01 2.971280070069969859e-01 3.119075205233640125e-01 8.644765774658059732e-01 7.473197529869940459e-01 8.644765774658059732e-01 5.862666360748739480e-01 9.403489133096559337e-05 7.844923591696859599e-01 6.460404223347879782e-01 8.644765774658059732e-01 7.844923591696859599e-01 7.844923591696859599e-01 7.473197529869940459e-01 6.460404223347879782e-01 8.235139766288650520e-01 8.235139766288650520e-01 8.235139766288650520e-01 8.644765774658059732e-01 5.584868132045419653e-01 7.119085440113770424e-01 8.644765774658059732e-01 5.068137750363990168e-01 8.644765774658059732e-01 8.644765774658059732e-01 8.235139766288650520e-01 8.235139766288650520e-01 5.987273932245729818e-02 6.781752697030859478e-01 7.473197529869940459e-01 7.844923591696859599e-01 1.805062771948379884e-05 8.644765774658059732e-01 8.644765774658059732e-01 8.644765774658059732e-01 8.644765774658059732e-01 8.644765774658059732e-01 4.827987688388469811e-01 7.473197529869940459e-01 7.844923591696859599e-01 8.235139766288650520e-01 8.644765774658059732e-01 6.460404223347879782e-01 2.830488101082420105e-01 8.235139766288650520e-01 7.473197529869940459e-01 8.644765774658059732e-01 8.644765774658059732e-01 2.015048662883109909e-01 8.644765774658059732e-01 1.000000000000000000e+00 1.000000000000000000e+00 5.584868132045419653e-01 8.644765774658059732e-01 8.235139766288650520e-01 7.844923591696859599e-01 7.844923591696859599e-01 7.119085440113770424e-01 7.473197529869940459e-01 8.644765774658059732e-01 6.154282615956200297e-01 5.068137750363990168e-01 8.644765774658059732e-01 5.320233172599130311e-01 3.608050566710719886e-01 6.460404223347879782e-01 7.844923591696859599e-01 8.235139766288650520e-01 7.869922694483849299e-15 8.235139766288650520e-01 6.781752697030859478e-01 8.235139766288650520e-01 7.473197529869940459e-01 6.781752697030859478e-01 8.235139766288650520e-01 1.505885669002579863e-01 8.644765774658059732e-01 7.473197529869940459e-01 2.115279668533540103e-01 8.644765774658059732e-01 8.235139766288650520e-01 8.644765774658059732e-01 7.972585454228689481e-11 8.235139766288650520e-01 8.235139766288650520e-01 7.844923591696859599e-01 8.235139766288650520e-01 3.098928014321000041e-03 7.073100792727020011e-03 9.526157192633000204e-01 8.644765774658059732e-01 9.074767085875340422e-01 3.274221852696029833e-01 3.975915340379990170e-01 6.460404223347879782e-01 8.235139766288650520e-01 1.603961159388849985e-04 8.644765774658059732e-01 8.644765774658059732e-01 7.119085440113770424e-01 3.975915340379990170e-01 8.235139766288650520e-01 5.320233172599130311e-01 2.830488101082420105e-01 6.781752697030859478e-01 8.644765774658059732e-01 8.644765774658059732e-01 8.235139766288650520e-01 5.068137750363990168e-01 6.781752697030859478e-01 3.608050566710719886e-01 1.181355801115649973e-01 8.235139766288650520e-01 3.975915340379990170e-01 6.460404223347879782e-01
8.644765774658059732e-01 8.235139766288650520e-01 4.381286376559910267e-01 8.235139766288650520e-01 1.000000000000000000e+00 8.644765774658059732e-01 7.844923591696859599e-01 2.830488101082420105e-01 4.381286376559910267e-01 7.473197529869940459e-01 7.844923591696859599e-01 5.320233172599130311e-01 8.235139766288650520e-01 8.235139766288650520e-01 7.844923591696859599e-01 4.599216964368539884e-01 7.844923591696859599e-01 8.235139766288650520e-01 8.644765774658059732e-01 6.597716366257790066e-02 8.235139766288650520e-01 8.644765774658059732e-01 8.644765774658059732e-01 2.568602025666449906e-01 7.119085440113770424e-01 8.644765774658059732e-01 2.971280070069969859e-01 3.119075205233640125e-01 8.644765774658059732e-01 7.473197529869940459e-01 8.644765774658059732e-01 5.862666360748739480e-01 9.403489133096559337e-05 7.844923591696859599e-01 6.460404223347879782e-01 8.644765774658059732e-01 7.844923591696859599e-01 7.844923591696859599e-01 7.473197529869940459e-01 6.460404223347879782e-01 8.235139766288650520e-01 8.235139766288650520e-01 8.235139766288650520e-01 8.644765774658059732e-01 5.584868132045419653e-01 7.119085440113770424e-01 8.644765774658059732e-01 5.068137750363990168e-01 8.644765774658059732e-01 8.644765774658059732e-01 8.235139766288650520e-01 8.235139766288650520e-01 5.987273932245729818e-02 6.781752697030859478e-01 7.473197529869940459e-01 7.844923591696859599e-01 1.805062771948379884e-05 8.644765774658059732e-01 8.644765774658059732e-01 8.644765774658059732e-01 8.644765774658059732e-01 8.644765774658059732e-01 4.827987688388469811e-01 7.473197529869940459e-01 7.844923591696859599e-01 8.235139766288650520e-01 8.644765774658059732e-01 6.460404223347879782e-01 2.830488101082420105e-01 8.235139766288650520e-01 7.473197529869940459e-01 8.644765774658059732e-01 8.644765774658059732e-01 2.015048662883109909e-01 8.644765774658059732e-01 8.235139766288650520e-01 8.235139766288650520e-01 5.584868132045419653e-01 8.644765774658059732e-01 8.235139766288650520e-01 7.844923591696859599e-01 7.844923591696859599e-01 7.119085440113770424e-01 7.473197529869940459e-01 8.644765774658059732e-01 6.154282615956200297e-01 5.068137750363990168e-01 8.644765774658059732e-01 5.320233172599130311e-01 3.608050566710719886e-01 6.460404223347879782e-01 7.844923591696859599e-01 8.235139766288650520e-01 7.869922694483849299e-15 8.235139766288650520e-01 6.781752697030859478e-01 8.235139766288650520e-01 7.473197529869940459e-01 6.781752697030859478e-01 8.235139766288650520e-01 1.505885669002579863e-01 8.644765774658059732e-01 7.473197529869940459e-01 2.115279668533540103e-01 8.644765774658059732e-01 8.235139766288650520e-01 8.644765774658059732e-01 7.972585454228689481e-11 8.235139766288650520e-01 8.235139766288650520e-01 7.844923591696859599e-01 8.235139766288650520e-01 3.098928014321000041e-03 7.073100792727020011e-03 7.844923591696859599e-01 8.644765774658059732e-01 7.473197529869940459e-01 3.274221852696029833e-01 3.975915340379990170e-01 6.460404223347879782e-01 8.235139766288650520e-01 1.603961159388849985e-04 8.644765774658059732e-01 8.644765774658059732e-01 7.119085440113770424e-01 3.975915340379990170e-01 8.235139766288650520e-01 5.320233172599130311e-01 2.830488101082420105e-01 6.781752697030859478e-01 8.644765774658059732e-01 8.644765774658059732e-01 8.235139766288650520e-01 5.068137750363990168e-01 6.781752697030859478e-01 3.608050566710719886e-01 1.181355801115649973e-01 8.235139766288650520e-01 3.975915340379990170e-01 6.460404223347879782e-01
9.074767085875340422e-01 8.644765774658059732e-01 4.173682272905109847e-01 8.644765774658059732e-01 8.644765774658059732e-01 1.000000000000000000e+00 8.235139766288650520e-01 2.971280070069969859e-01 4.599216964368539884e-01 7.844923591696859599e-01 8.235139766288650520e-01 5.584868132045419653e-01 8.644765774658059732e-01 8.644765774658059732e-01 8.235139766288650520e-01 4.827987688388469811e-01 8.235139766288650520e-01 8.644765774658059732e-01 9.074767085875340422e-01 6.925894915276120667e-02 8.644765774658059732e-01 9.074767085875340422e-01 9.074767085875340422e-01 2.971280070069969859e-01 7.473197529869940459e-01 9.074767085875340422e-01 3.437085685745490116e-01 3.274221852696029833e-01 9.074767085875340422e-01 7.844923591696859599e-01 9.074767085875340422e-01 6.154282615956200297e-01 9.871230279895749742e-05 8.235139766288650520e-01 6.781752697030859478e-01 9.074767085875340422e-01 8.235139766288650520e-01 8.235139766288650520e-01 7.844923591696859599e-01 6.781752697030859478e-01 8.644765774658059732e-01 8.644765774658059732e-01 8.644765774658059732e-01 9.074767085875340422e-01 5.862666360748739480e-01 7.473197529869940459e-01 9.074767085875340422e-01 5.320233172599130311e-01 9.074767085875340422e-01 9.074767085875340422e-01 8.644765774658059732e-01 8.644765774658059732e-01 6.285088321737919426e-02 7.119085440113770424e-01 7.844923591696859599e-01 8.235139766288650520e-01 2.088041271447609962e-05 9.074767085875340422e-01 9.074767085875340422e-01 9.074767085875340422e-01 9.074767085875340422e-01 9.074767085875340422e-01 5.068137750363990168e-01 7.844923591696859599e-01 8.235139766288650520e-01 8.644765774658059732e-01 9.074767085875340422e-01 6.781752697030859478e-01 2.971280070069969859e-01 8.644765774658059732e-01 7.844923591696859599e-01 9.074767085875340422e-01 9.074767085875340422e-01 2.115279668533540103e-01 9.074767085875340422e-01 8.644765774658059732e-01 8.644765774658059732e-01 5.862666360748739480e-01 9.074767085875340422e-01 8.644765774658059732e-01 8.235139766288650520e-01 8.235139766288650520e-01 7.473197529869940459e-01 7.844923591696859599e-01 1.000000000000000000e+00 6.460404223347879782e-01 5.320233172599130311e-01 9.074767085875340422e-01 5.584868132045419653e-01 3.787519451706070073e-01 6.781752697030859478e-01 8.235139766288650520e-01 8.644765774658059732e-01 9.103685281508009665e-15 8.644765774658059732e-01 7.119085440113770424e-01 8.644765774658059732e-01 7.844923591696859599e-01 7.119085440113770424e-01 8.644765774658059732e-01 1.580790279386889985e-01 9.074767085875340422e-01 7.844923591696859599e-01 2.220496288019870035e-01 9.074767085875340422e-01 8.644765774658059732e-01 9.074767085875340422e-01 8.369151687308110398e-11 8.644765774658059732e-01 8.644765774658059732e-01 8.235139766288650520e-01 8.644765774658059732e-01 3.253072515659869920e-03 7.424925549409339826e-03 8.235139766288650520e-01 9.074767085875340422e-01 7.844923591696859599e-01 3.437085685745490116e-01 4.173682272905109847e-01 6.781752697030859478e-01 8.644765774658059732e-01 1.683744165621439887e-04 9.074767085875340422e-01 9.074767085875340422e-01 7.473197529869940459e-01 4.173682272905109847e-01 8.644765774658059732e-01 5.584868132045419653e-01 2.971280070069969859e-01 7.119085440113770424e-01 9.074767085875340422e-01 9.074767085875340422e-01 8.644765774658059732e-01 5.862666360748739480e-01 7.844923591696859599e-01 3.787519451706070073e-01 1.240117895628729955e-01 8.644765774658059732e-01 4.173682272905109847e-01 6.781752697030859478e-01
8.235139766288650520e-01 7.844923591696859599e-01 3.787519451706070073e-01 7.844923591696859599e-01 7.844923591696859599e-01 8.235139766288650520e-01 1.000000000000000000e+00 2.696367458278839946e-01 4.173682272905109847e-01 7.119085440113770424e-01 7.473197529869940459e-01 5.068137750363990168e-01 7.844923591696859599e-01 7.844923591696859599e-01 9.074767085875340422e-01 4.827987688388469811e-01 8.235139766288650520e-01 7.844923591696859599e-01 8.235139766288650520e-01 6.925894915276120667e-02 7.844923591696859599e-01 8.235139766288650520e-01 8.235139766288650520e-01 2.446890666181419927e-01 6.781752697030859478e-01 8.235139766288650520e-01 2.830488101082420105e-01 2.971280070069969859e-01 8.235139766288650520e-01 7.119085440113770424e-01 8.235139766288650520e-01 5.584868132045419653e-01 8.957911564109389993e-05 7.473197529869940459e-01 6.154282615956200297e-01 8.235139766288650520e-01 7.473197529869940459e-01 7.473197529869940459e-01 7.119085440113770424e-01 6.154282615956200297e-01 7.844923591696859599e-01 7.844923591696859599e-01 7.844923591696859599e-01 8.235139766288650520e-01 5.320233172599130311e-01 6.781752697030859478e-01 8.235139766288650520e-01 4.827987688388469811e-01 8.235139766288650520e-01 8.235139766288650520e-01 7.844923591696859599e-01 7.844923591696859599e-01 5.703571263392669816e-02 6.460404223347879782e-01 7.119085440113770424e-01 7.473197529869940459e-01 1.894848820408209943e-05 8.235139766288650520e-01 8.235139766288650520e-01 8.235139766288650520e-01 8.235139766288650520e-01 8.235139766288650520e-01 4.599216964368539884e-01 7.119085440113770424e-01 9.074767085875340422e-01 7.844923591696859599e-01 8.235139766288650520e-01 6.154282615956200297e-01 2.696367458278839946e-01 7.844923591696859599e-01 7.119085440113770424e-01 8.235139766288650520e-01 8.235139766288650520e-01 2.115279668533540103e-01 8.235139766288650520e-01 7.844923591696859599e-01 7.844923591696859599e-01 5.320233172599130311e-01 8.235139766288650520e-01 7.844923591696859599e-01 7.473197529869940459e-01 7.473197529869940459e-01 6.781752697030859478e-01 8.644765774658059732e-01 8.235139766288650520e-01 5.862666360748739480e-01 4.827987688388469811e-01 8.235139766288650520e-01 5.068137750363990168e-01 3.437085685745490116e-01 6.154282615956200297e-01 7.473197529869940459e-01 7.844923591696859599e-01 9.103685281508009665e-15 7.844923591696859599e-01 7.119085440113770424e-01 7.844923591696859599e-01 8.644765774658059732e-01 6.460404223347879782e-01 7.844923591696859599e-01 1.580790279386889985e-01 8.235139766288650520e-01 7.119085440113770424e-01 2.220496288019870035e-01 8.235139766288650520e-01 7.844923591696859599e-01 9.074767085875340422e-01 8.369151687308110398e-11 7.844923591696859599e-01 7.844923591696859599e-01 7.473197529869940459e-01 7.844923591696859599e-01 3.253072515659869920e-03 6.737946999085469603e-03 7.473197529869940459e-01 8.235139766288650520e-01 7.119085440113770424e-01 3.119075205233640125e-01 3.787519451706070073e-01 6.154282615956200297e-01 7.844923591696859599e-01 1.527958613521600111e-04 8.235139766288650520e-01 8.235139766288650520e-01 6.781752697030859478e-01 3.787519451706070073e-01 7.844923591696859599e-01 5.068137750363990168e-01 2.696367458278839946e-01 6.460404223347879782e-01 8.235139766288650520e-01 8.235139766288650520e-01 7.844923591696859599e-01 4.827987688388469811e-01 6.460404223347879782e-01 3.437085685745490116e-01 1.125378106185660060e-01 7.844923591696859599e-01 3.787519451706070073e-01 6.154282615956200297e-01
2.971280070069969859e-01 2.830488101082420105e-01 1.366556170415600124e-01 2.830488101082420105e-01 2.830488101082420105e-01 2.971280070069969859e-01 2.696367458278839946e-01 1.000000000000000000e+00 1.505885669002579863e-01 2.568602025666449906e-01 2.696367458278839946e-01 1.828609728236879894e-01 2.830488101082420105e-01 2.830488101082420105e-01 2.696367458278839946e-01 1.580790279386889985e-01 2.696367458278839946e-01 2.830488101082420105e-01 2.971280070069969859e-01 2.267691648107340169e-02 2.830488101082420105e-01 2.971280070069969859e-01 2.971280070069969859e-01 8.828505254795020185e-02 2.446890666181419927e-01 2.971280070069969859e-01 1.021254419717839979e-01 1.072052874067219996e-01 2.971280070069969859e-01 2.568602025666449906e-01 2.971280070069969859e-01 2.015048662883109909e-01 3.232059789542940321e-05 2.696367458278839946e-01 2.220496288019870035e-01 2.971280070069969859e-01 2.696367458278839946e-01 2.696367458278839946e-01 2.568602025666449906e-01 2.220496288019870035e-01 2.830488101082420105e-01 2.830488101082420105e-01 2.830488101082420105e-01 2.971280070069969859e-01 1.919567031342939989e-01 2.446890666181419927e-01 2.971280070069969859e-01 1.741962371516239949e-01 2.971280070069969859e-01 2.971280070069969859e-01 2.830488101082420105e-01 2.830488101082420105e-01 2.057877352915889885e-02 2.330946511923059905e-01 2.568602025666449906e-01 2.696367458278839946e-01 6.204155415335839650e-06 2.971280070069969859e-01 2.971280070069969859e-01 2.971280070069969859e-01 2.971280070069969859e-01 2.971280070069969859e-01 1.659420737471550000e-01 2.568602025666449906e-01 2.696367458278839946e-01 2.830488101082420105e-01 2.971280070069969859e-01 2.220496288019870035e-01 9.728630135903300336e-02 2.830488101082420105e-01 2.568602025666449906e-01 2.971280070069969859e-01 2.971280070069969859e-01 6.925894915276120667e-02 2.971280070069969859e-01 2.830488101082420105e-01 2.830488101082420105e-01 1.919567031342939989e-01 2.971280070069969859e-01 2.830488101082420105e-01 2.696367458278839946e-01 2.696367458278839946e-01 2.446890666181419927e-01 2.568602025666449906e-01 2.971280070069969859e-01 2.115279668533540103e-01 1.741962371516239949e-01 2.971280070069969859e-01 1.828609728236879894e-01 1.240117895628729955e-01 2.220496288019870035e-01 2.696367458278839946e-01 2.830488101082420105e-01 3.284655683910080190e-15 2.830488101082420105e-01 2.330946511923059905e-01 2.830488101082420105e-01 2.568602025666449906e-01 2.330946511923059905e-01 2.830488101082420105e-01 5.175858077298030324e-02 2.971280070069969859e-01 2.568602025666449906e-01 7.270397470065080581e-02 2.971280070069969859e-01 2.830488101082420105e-01 2.971280070069969859e-01 2.740245934311209932e-11 2.830488101082420105e-01 2.830488101082420105e-01 2.696367458278839946e-01 2.830488101082420105e-01 1.065128111917840051e-03 2.431085348851710036e-03 2.696367458278839946e-01 2.971280070069969859e-01 2.568602025666449906e-01 1.125378106185660060e-01 1.366556170415600124e-01 2.220496288019870035e-01 2.830488101082420105e-01 4.234859199644120244e-04 2.971280070069969859e-01 2.971280070069969859e-01 2.446890666181419927e-01 1.366556170415600124e-01 2.830488101082420105e-01 1.828609728236879894e-01 5.584868132045419653e-01 2.330946511923059905e-01 2.971280070069969859e-01 2.971280070069969859e-01 2.830488101082420105e-01 1.741962371516239949e-01 2.330946511923059905e-01 1.240117895628729955e-01 4.060421113787009845e-02 2.830488101082420105e-01 1.366556170415600124e-01 2.220496288019870035e-01
4.599216964368539884e-01 4.381286376559910267e-01 2.115279668533540103e-01 4.381286376559910267e-01 4.381286376559910267e-01 4.599216964368539884e-01 4.173682272905109847e-01 1.505885669002579863e-01 1.000000000000000000e+00 3.975915340379990170e-01 4.173682272905109847e-01 2.830488101082420105e-01 4.381286376559910267e-01 4.381286376559910267e-01 4.173682272905109847e-01 2.446890666181419927e-01 4.173682272905109847e-01 4.381286376559910267e-01 4.599216964368539884e-01 3.510138947516489721e-02 4.381286376559910267e-01 4.599216964368539884e-01 4.599216964368539884e-01 1.659420737471550000e-01 3.787519451706070073e-01 4.599216964368539884e-01 1.919567031342939989e-01 1.659420737471550000e-01 4.599216964368539884e-01 3.975915340379990170e-01 4.599216964368539884e-01 3.119075205233640125e-01 6.075034090966279664e-05 4.173682272905109847e-01 3.437085685745490116e-01 4.599216964368539884e-01 4.173682272905109847e-01 4.173682272905109847e-01 3.975915340379990170e-01 3.437085685745490116e-01 4.381286376559910267e-01 5.320233172599130311e-01 4.381286376559910267e-01 4.599216964368539884e-01 2.971280070069969859e-01 3.787519451706070073e-01 4.599216964368539884e-01 2.971280070069969859e-01 4.599216964368539884e-01 4.599216964368539884e-01 5.320233172599130311e-01 5.320233172599130311e-01 3.185369338777180315e-02 3.608050566710719886e-01 3.975915340379990170e-01 5.584868132045419653e-01 1.166143515530330006e-05 4.599216964368539884e-01 4.599216964368539884e-01 4.599216964368539884e-01 4.599216964368539884e-01 4.599216964368539884e-01 2.568602025666449906e-01 4.381286376559910267e-01 4.173682272905109847e-01 4.381286376559910267e-01 4.599216964368539884e-01 3.437085685745490116e-01 1.505885669002579863e-01 5.320233172599130311e-01 3.975915340379990170e-01 4.599216964368539884e-01 4.599216964368539884e-01 1.072052874067219996e-01 4.599216964368539884e-01 4.381286376559910267e-01 4.381286376559910267e-01 2.971280070069969859e-01 4.599216964368539884e-01 4.381286376559910267e-01 4.173682272905109847e-01 4.173682272905109847e-01 3.787519451706070073e-01 3.975915340379990170e-01 4.599216964368539884e-01 3.274221852696029833e-01 2.696367458278839946e-01 4.599216964368539884e-01 2.830488101082420105e-01 2.115279668533540103e-01 3.437085685745490116e-01 4.173682272905109847e-01 4.381286376559910267e-01 8.261382355279650126e-15 4.381286376559910267e-01 3.608050566710719886e-01 5.320233172599130311e-01 3.975915340379990170e-01 3.608050566710719886e-01 5.320233172599130311e-01 8.011662890369139478e-02 4.599216964368539884e-01 3.975915340379990170e-01 1.366556170415600124e-01 4.599216964368539884e-01 4.381286376559910267e-01 4.599216964368539884e-01 5.150612473950089917e-11 4.381286376559910267e-01 4.381286376559910267e-01 4.173682272905109847e-01 4.381286376559910267e-01 1.816798102394160102e-03 3.763054547060350197e-03 4.173682272905109847e-01 4.599216964368539884e-01 3.975915340379990170e-01 1.741962371516239949e-01 2.115279668533540103e-01 3.437085685745490116e-01 4.381286376559910267e-01 1.036223744820170020e-04 4.599216964368539884e-01 4.599216964368539884e-01 4.173682272905109847e-01 2.115279668533540103e-01 4.381286376559910267e-01 2.830488101082420105e-01 1.505885669002579863e-01 3.608050566710719886e-01 4.599216964368539884e-01 4.599216964368539884e-01 4.381286376559910267e-01 2.696367458278839946e-01 3.608050566710719886e-01 1.919567031342939989e-01 6.925894915276120667e-02 4.827987688388469811e-01 2.330946511923059905e-01 4.599216964368539884e-01
7.844923591696859599e-01 7.473197529869940459e-01 3.608050566710719886e-01 7.473197529869940459e-01 7.473197529869940459e-01 7.844923591696859599e-01 7.119085440113770424e-01 2.568602025666449906e-01 3.975915340379990170e-01 1.000000000000000000e+00 7.119085440113770424e-01 4.827987688388469811e-01 7.473197529869940459e-01 7.473197529869940459e-01 7.119085440113770424e-01 4.173682272905109847e-01 7.119085440113770424e-01 7.473197529869940459e-01 7.844923591696859599e-01 5.987273932245729818e-02 7.473197529869940459e-01 7.844923591696859599e-01 7.844923591696859599e-01 2.330946511923059905e-01 6.460404223347879782e-01 7.844923591696859599e-01 2.696367458278839946e-01 2.830488101082420105e-01 7.844923591696859599e-01 6.781752697030859478e-01 7.844923591696859599e-01 5.320233172599130311e-01 8.533447367741099502e-05 7.119085440113770424e-01 5.862666360748739480e-01 7.844923591696859599e-01 7.119085440113770424e-01 7.119085440113770424e-01 6.781752697030859478e-01 5.862666360748739480e-01 7.473197529869940459e-01 7.473197529869940459e-01 7.473197529869940459e-01 7.844923591696859599e-01 5.068137750363990168e-01 6.460404223347879782e-01 7.844923591696859599e-01 4.599216964368539884e-01 7.844923591696859599e-01 7.844923591696859599e-01 7.473197529869940459e-01 7.473197529869940459e-01 5.433311641446299939e-02 6.154282615956200297e-01 6.781752697030859478e-01 7.119085440113770424e-01 1.638052423081599949e-05 7.844923591696859599e-01 7.844923591696859599e-01 7.844923591696859599e-01 7.844923591696859599e-01 7.844923591696859599e-01 4.381286376559910267e-01 8.235139766288650520e-01 7.119085440113770424e-01 7.473197529869940459e-01 7.844923591696859599e-01 5.862666360748739480e-01 2.568602025666449906e-01 7.473197529869940459e-01 6.781752697030859478e-01 7.844923591696859599e-01 7.844923591696859599e-01 1.828609728236879894e-01 7.844923591696859599e-01 7.473197529869940459e-01 7.473197529869940459e-01 5.068137750363990168e-01 7.844923591696859599e-01 7.473197529869940459e-01 7.119085440113770424e-01 7.119085440113770424e-01 6.460404223347879782e-01 6.781752697030859478e-01 7.844923591696859599e-01 5.584868132045419653e-01 4.599216964368539884e-01 7.844923591696859599e-01 4.827987688388469811e-01 3.274221852696029833e-01 5.862666360748739480e-01 7.119085440113770424e-01 7.473197529869940459e-01 7.141771543628580111e-15 8.235139766288650520e-01 6.154282615956200297e-01 7.473197529869940459e-01 6.781752697030859478e-01 6.154282615956200297e-01 7.473197529869940459e-01 1.366556170415600124e-01 7.844923591696859599e-01 1.000000000000000000e+00 1.919567031342939989e-01 7.844923591696859599e-01 7.473197529869940459e-01 7.844923591696859599e-01 7.234935606936289818e-11 7.473197529869940459e-01 7.473197529869940459e-01 7.119085440113770424e-01 7.473197529869940459e-01 2.812204994585730186e-03 6.418674226891799700e-03 7.119085440113770424e-01 7.844923591696859599e-01 6.781752697030859478e-01 2.971280070069969859e-01 3.608050566710719886e-01 5.862666360748739480e-01 7.473197529869940459e-01 1.455557393624440018e-04 7.844923591696859599e-01 7.844923591696859599e-01 6.460404223347879782e-01 3.608050566710719886e-01 7.473197529869940459e-01 4.827987688388469811e-01 2.568602025666449906e-01 6.154282615956200297e-01 7.844923591696859599e-01 7.844923591696859599e-01 7.473197529869940459e-01 4.599216964368539884e-01 6.154282615956200297e-01 3.274221852696029833e-01 1.072052874067219996e-01 7.473197529869940459e-01 3.608050566710719886e-01 5.862666360748739480e-01
8.235139766288650520e-01 7.844923591696859599e-01 4.173682272905109847e-01 7.844923591696859599e-01 7.844923591696859599e-01 8.235139766288650520e-01 7.473197529869940459e-01 2.696367458278839946e-01 4.173682272905109847e-01 7.119085440113770424e-01 1.000000000000000000e+00 5.068137750363990168e-01 7.844923591696859599e-01 7.844923591696859599e-01 7.473197529869940459e-01 4.381286376559910267e-01 7.473197529869940459e-01 7.844923591696859599e-01 8.235139766288650520e-01 6.285088321737919426e-02 7.844923591696859599e-01 8.235139766288650520e-01 8.235139766288650520e-01 2.446890666181419927e-01 6.781752697030859478e-01 8.235139766288650520e-01 2.830488101082420105e-01 3.274221852696029833e-01 8.235139766288650520e-01 7.844923591696859599e-01 8.235139766288650520e-01 5.584868132045419653e-01 9.871230279895749742e-05 7.473197529869940459e-01 6.154282615956200297e-01 8.235139766288650520e-01 7.473197529869940459e-01 7.473197529869940459e-01 7.119085440113770424e-01 6.154282615956200297e-01 7.844923591696859599e-01 7.844923591696859599e-01 7.844923591696859599e-01 8.235139766288650520e-01 5.320233172599130311e-01 6.781752697030859478e-01 8.235139766288650520e-01 4.827987688388469811e-01 8.235139766288650520e-01 8.235139766288650520e-01 7.844923591696859599e-01 7.844923591696859599e-01 5.703571263392669816e-02 6.460404223347879782e-01 7.119085440113770424e-01 7.473197529869940459e-01 1.719531170815009937e-05 8.235139766288650520e-01 9.074767085875340422e-01 8.235139766288650520e-01 8.235139766288650520e-01 8.235139766288650520e-01 4.599216964368539884e-01 7.119085440113770424e-01 7.473197529869940459e-01 7.844923591696859599e-01 8.235139766288650520e-01 6.154282615956200297e-01 2.696367458278839946e-01 7.844923591696859599e-01 7.119085440113770424e-01 8.235139766288650520e-01 8.235139766288650520e-01 1.919567031342939989e-01 8.235139766288650520e-01 7.844923591696859599e-01 7.844923591696859599e-01 5.320233172599130311e-01 8.235139766288650520e-01 7.844923591696859599e-01 7.473197529869940459e-01 7.473197529869940459e-01 6.781752697030859478e-01 7.119085440113770424e-01 8.235139766288650520e-01 5.862666360748739480e-01 4.827987688388469811e-01 8.235139766288650520e-01 5.068137750363990168e-01 3.437085685745490116e-01 6.154282615956200297e-01 7.473197529869940459e-01 7.844923591696859599e-01 9.103685281508009665e-15 7.844923591696859599e-01 6.460404223347879782e-01 7.844923591696859599e-01 7.119085440113770424e-01 6.460404223347879782e-01 7.844923591696859599e-01 1.434530359705190050e-01 8.235139766288650520e-01 7.119085440113770424e-01 2.015048662883109909e-01 8.235139766288650520e-01 7.844923591696859599e-01 8.235139766288650520e-01 8.369151687308110398e-11 7.844923591696859599e-01 7.844923591696859599e-01 7.473197529869940459e-01 7.844923591696859599e-01 3.584744913974929979e-03 6.737946999085469603e-03 7.473197529869940459e-01 8.235139766288650520e-01 7.119085440113770424e-01 3.119075205233640125e-01 3.787519451706070073e-01 6.154282615956200297e-01 7.844923591696859599e-01 1.527958613521600111e-04 8.235139766288650520e-01 8.235139766288650520e-01 6.781752697030859478e-01 3.787519451706070073e-01 7.844923591696859599e-01 5.068137750363990168e-01 2.696367458278839946e-01 6.460404223347879782e-01 8.235139766288650520e-01 8.235139766288650520e-01 7.844923591696859599e-01 4.827987688388469811e-01 6.460404223347879782e-01 3.437085685745490116e-01 1.125378106185660060e-01 7.844923591696859599e-01 3.787519451706070073e-01 6.154282615956200297e-01
