1.000000000000000000e+00 1.599654495062559911e-01 3.262658065072620017e-01 9.614403722385160556e-02 3.262658065072620017e-01 6.397927082292219347e-02 3.262658065072620017e-01 2.558894503573869855e-02 9.243675893701369661e-03 3.999568095510520060e-01 1.702822236081679916e-02 3.999568095510520060e-01 8.683635543946220670e-02 4.257515300197250302e-02 1.771115802134470008e-01 2.403860490130730054e-01 3.262658065072620017e-01 4.257515300197250302e-02 2.946800899950020036e-01 3.999568095510520060e-01 3.262658065072620017e-01 4.257515300197250302e-02 3.262658065072620017e-01 3.262658065072620017e-01 4.532098491274699770e-03 2.403860490130730054e-01 3.999568095510520060e-01 9.243675893701369661e-03 8.683635543946220670e-02 3.612370842483439981e-01 3.262658065072620017e-01 3.262658065072620017e-01 2.661521793198680097e-01 1.178593086326179956e-01 2.661521793198680097e-01 3.262658065072620017e-01 2.661521793198680097e-01 1.771115802134470008e-01 3.262658065072620017e-01 1.960955440223189905e-01 8.887243192092440227e-04 2.171143317623099867e-01 2.171143317623099867e-01 2.661521793198680097e-01 3.262658065072620017e-01 3.612370842483439981e-01 3.262658065072620017e-01 3.999568095510520060e-01 3.262658065072620017e-01 1.599654495062559911e-01 2.661521793198680097e-01 3.262658065072620017e-01 3.697071118968769856e-03 1.771115802134470008e-01 3.262658065072620017e-01 1.444792317074919952e-01 2.403860490130730054e-01 1.960955440223189905e-01 8.683635543946220670e-02 3.262658065072620017e-01 2.403860490130730054e-01 2.661521793198680097e-01 2.171143317623099867e-01 2.946800899950020036e-01 3.136851184570420281e-02 3.262658065072620017e-01 3.262658065072620017e-01 3.262658065072620017e-01 3.262658065072620017e-01 3.612370842483439981e-01 2.661521793198680097e-01 2.661521793198680097e-01 2.946800899950020036e-01 3.262658065072620017e-01 2.171143317623099867e-01 3.262658065072620017e-01 1.304922310362449933e-01 3.262658065072620017e-01 3.262658065072620017e-01 7.842974815434460012e-02 2.171143317623099867e-01 1.960955440223189905e-01 3.262658065072620017e-01 4.257515300197250302e-02 2.946800899950020036e-01 2.946800899950020036e-01 3.262658065072620017e-01 1.064493764958339972e-01 3.612370842483439981e-01 1.304922310362449933e-01 1.444792317074919952e-01 9.614403722385160556e-02 1.178593086326179956e-01 1.304922310362449933e-01 9.243675893701369661e-03
1.599654495062559911e-01 1.000000000000000000e+00 3.999568095510520060e-01 1.771115802134470008e-01 3.999568095510520060e-01 4.257515300197250302e-02 3.262658065072620017e-01 8.683635543946220670e-02 5.017878097740390356e-03 3.999568095510520060e-01 1.389081663135859936e-02 3.999568095510520060e-01 8.683635543946220670e-02 4.257515300197250302e-02 2.171143317623099867e-01 2.946800899950020036e-01 3.999568095510520060e-01 1.444792317074919952e-01 3.612370842483439981e-01 3.999568095510520060e-01 3.999568095510520060e-01 5.219125639645540160e-02 3.999568095510520060e-01 3.999568095510520060e-01 4.532098491274699770e-03 2.946800899950020036e-01 3.262658065072620017e-01 1.702822236081679916e-02 1.599654495062559911e-01 3.612370842483439981e-01 2.171143317623099867e-01 3.262658065072620017e-01 3.262658065072620017e-01 1.771115802134470008e-01 3.262658065072620017e-01 3.999568095510520060e-01 3.999568095510520060e-01 4.902917998631770025e-01 3.999568095510520060e-01 1.960955440223189905e-01 5.914036434024370166e-04 2.661521793198680097e-01 2.661521793198680097e-01 3.999568095510520060e-01 3.999568095510520060e-01 3.612370842483439981e-01 3.999568095510520060e-01 3.999568095510520060e-01 3.999568095510520060e-01 2.403860490130730054e-01 3.262658065072620017e-01 3.999568095510520060e-01 4.532098491274699770e-03 1.444792317074919952e-01 3.999568095510520060e-01 2.171143317623099867e-01 3.612370842483439981e-01 1.960955440223189905e-01 1.599654495062559911e-01 3.999568095510520060e-01 1.599654495062559911e-01 2.661521793198680097e-01 2.171143317623099867e-01 3.612370842483439981e-01 1.389081663135859936e-02 3.999568095510520060e-01 3.999568095510520060e-01 3.999568095510520060e-01 4.902917998631770025e-01 3.612370842483439981e-01 3.999568095510520060e-01 3.262658065072620017e-01 5.428444436438499832e-01 3.999568095510520060e-01 2.171143317623099867e-01 3.999568095510520060e-01 1.304922310362449933e-01 3.999568095510520060e-01 3.999568095510520060e-01 1.178593086326179956e-01 2.661521793198680097e-01 2.403860490130730054e-01 3.999568095510520060e-01 1.885341728391329991e-02 3.612370842483439981e-01 3.612370842483439981e-01 3.999568095510520060e-01 1.064493764958339972e-01 2.946800899950020036e-01 2.946800899950020036e-01 3.262658065072620017e-01 1.178593086326179956e-01 1.178593086326179956e-01 1.304922310362449933e-01 4.093347095032819939e-03
3.262658065072620017e-01 3.999568095510520060e-01 1.000000000000000000e+00 2.403860490130730054e-01 8.157525980705080393e-01 8.683635543946220670e-02 8.157525980705080393e-01 6.397927082292219347e-02 1.023447281627130022e-02 8.157525980705080393e-01 2.833173354160739912e-02 8.157525980705080393e-01 1.771115802134470008e-01 8.683635543946220670e-02 4.428267652506099883e-01 6.010300194236090077e-01 8.157525980705080393e-01 1.064493764958339972e-01 7.367797796111470454e-01 8.157525980705080393e-01 8.157525980705080393e-01 8.683635543946220670e-02 8.157525980705080393e-01 8.157525980705080393e-01 6.151225395553909688e-03 6.010300194236090077e-01 6.654523012587829633e-01 1.254604991817219982e-02 1.771115802134470008e-01 9.031902336000470211e-01 4.428267652506099883e-01 6.654523012587829633e-01 6.654523012587829633e-01 2.946800899950020036e-01 6.654523012587829633e-01 8.157525980705080393e-01 6.654523012587829633e-01 4.428267652506099883e-01 8.157525980705080393e-01 3.999568095510520060e-01 8.026871254726410197e-04 4.428267652506099883e-01 3.612370842483439981e-01 6.654523012587829633e-01 8.157525980705080393e-01 7.367797796111470454e-01 8.157525980705080393e-01 8.157525980705080393e-01 8.157525980705080393e-01 3.999568095510520060e-01 6.654523012587829633e-01 8.157525980705080393e-01 6.151225395553909688e-03 3.612370842483439981e-01 1.000000000000000000e+00 3.612370842483439981e-01 4.902917998631770025e-01 3.999568095510520060e-01 1.771115802134470008e-01 8.157525980705080393e-01 3.999568095510520060e-01 6.654523012587829633e-01 5.428444436438499832e-01 6.010300194236090077e-01 2.311168524440760166e-02 8.157525980705080393e-01 8.157525980705080393e-01 8.157525980705080393e-01 8.157525980705080393e-01 9.031902336000470211e-01 6.654523012587829633e-01 6.654523012587829633e-01 7.367797796111470454e-01 8.157525980705080393e-01 5.428444436438499832e-01 8.157525980705080393e-01 2.171143317623099867e-01 8.157525980705080393e-01 8.157525980705080393e-01 2.403860490130730054e-01 5.428444436438499832e-01 3.999568095510520060e-01 8.157525980705080393e-01 3.845346238540930245e-02 7.367797796111470454e-01 7.367797796111470454e-01 1.000000000000000000e+00 2.171143317623099867e-01 6.010300194236090077e-01 3.262658065072620017e-01 2.946800899950020036e-01 2.403860490130730054e-01 2.403860490130730054e-01 3.262658065072620017e-01 8.348797789755259269e-03
9.614403722385160556e-02 1.771115802134470008e-01 2.403860490130730054e-01 1.000000000000000000e+00 2.403860490130730054e-01 3.136851184570420281e-02 1.960955440223189905e-01 6.397927082292219347e-02 6.810553487758170231e-03 2.403860490130730054e-01 1.537972413185969937e-02 2.403860490130730054e-01 5.219125639645540160e-02 3.845346238540930245e-02 1.304922310362449933e-01 1.771115802134470008e-01 2.403860490130730054e-01 7.083698255671530553e-02 2.171143317623099867e-01 2.403860490130730054e-01 2.403860490130730054e-01 3.136851184570420281e-02 2.403860490130730054e-01 2.403860490130730054e-01 9.243675893701369661e-03 2.171143317623099867e-01 1.960955440223189905e-01 6.810553487758170231e-03 6.397927082292219347e-02 2.171143317623099867e-01 1.599654495062559911e-01 1.960955440223189905e-01 2.403860490130730054e-01 8.683635543946220670e-02 1.960955440223189905e-01 2.403860490130730054e-01 2.403860490130730054e-01 2.403860490130730054e-01 2.403860490130730054e-01 1.178593086326179956e-01 4.357342460472770208e-04 1.304922310362449933e-01 1.064493764958339972e-01 2.946800899950020036e-01 2.403860490130730054e-01 2.171143317623099867e-01 2.403860490130730054e-01 2.403860490130730054e-01 2.403860490130730054e-01 1.178593086326179956e-01 1.960955440223189905e-01 2.403860490130730054e-01 2.222050726444259935e-03 8.683635543946220670e-02 2.403860490130730054e-01 1.064493764958339972e-01 2.661521793198680097e-01 2.171143317623099867e-01 9.614403722385160556e-02 2.403860490130730054e-01 1.178593086326179956e-01 1.960955440223189905e-01 1.304922310362449933e-01 1.771115802134470008e-01 1.537972413185969937e-02 2.403860490130730054e-01 2.946800899950020036e-01 2.403860490130730054e-01 2.946800899950020036e-01 2.171143317623099867e-01 2.403860490130730054e-01 1.960955440223189905e-01 3.262658065072620017e-01 2.403860490130730054e-01 1.304922310362449933e-01 2.403860490130730054e-01 9.614403722385160556e-02 2.403860490130730054e-01 2.403860490130730054e-01 7.083698255671530553e-02 1.960955440223189905e-01 2.171143317623099867e-01 2.403860490130730054e-01 1.702822236081679916e-02 2.661521793198680097e-01 3.262658065072620017e-01 2.403860490130730054e-01 6.397927082292219347e-02 1.771115802134470008e-01 1.444792317074919952e-01 1.304922310362449933e-01 7.083698255671530553e-02 7.083698255671530553e-02 7.842974815434460012e-02 3.697071118968769856e-03
3.262658065072620017e-01 3.999568095510520060e-01 8.157525980705080393e-01 2.403860490130730054e-01 1.000000000000000000e+00 7.083698255671530553e-02 6.654523012587829633e-01 6.397927082292219347e-02 1.023447281627130022e-02 8.157525980705080393e-01 2.311168524440760166e-02 8.157525980705080393e-01 1.771115802134470008e-01 1.064493764958339972e-01 4.428267652506099883e-01 6.010300194236090077e-01 8.157525980705080393e-01 1.064493764958339972e-01 7.367797796111470454e-01 8.157525980705080393e-01 8.157525980705080393e-01 1.064493764958339972e-01 8.157525980705080393e-01 8.157525980705080393e-01 6.151225395553909688e-03 6.010300194236090077e-01 6.654523012587829633e-01 1.537972413185969937e-02 2.171143317623099867e-01 7.367797796111470454e-01 4.428267652506099883e-01 6.654523012587829633e-01 6.654523012587829633e-01 2.946800899950020036e-01 6.654523012587829633e-01 8.157525980705080393e-01 6.654523012587829633e-01 4.428267652506099883e-01 8.157525980705080393e-01 3.999568095510520060e-01 9.839835354140819002e-04 4.428267652506099883e-01 3.612370842483439981e-01 6.654523012587829633e-01 8.157525980705080393e-01 7.367797796111470454e-01 8.157525980705080393e-01 8.157525980705080393e-01 8.157525980705080393e-01 3.999568095510520060e-01 6.654523012587829633e-01 8.157525980705080393e-01 6.151225395553909688e-03 3.612370842483439981e-01 8.157525980705080393e-01 3.612370842483439981e-01 4.902917998631770025e-01 3.999568095510520060e-01 1.771115802134470008e-01 8.157525980705080393e-01 3.262658065072620017e-01 5.428444436438499832e-01 4.428267652506099883e-01 7.367797796111470454e-01 2.833173354160739912e-02 8.157525980705080393e-01 8.157525980705080393e-01 8.157525980705080393e-01 8.157525980705080393e-01 7.367797796111470454e-01 6.654523012587829633e-01 6.654523012587829633e-01 7.367797796111470454e-01 8.157525980705080393e-01 4.428267652506099883e-01 8.157525980705080393e-01 2.171143317623099867e-01 8.157525980705080393e-01 8.157525980705080393e-01 1.960955440223189905e-01 5.428444436438499832e-01 3.999568095510520060e-01 8.157525980705080393e-01 3.845346238540930245e-02 7.367797796111470454e-01 7.367797796111470454e-01 8.157525980705080393e-01 2.661521793198680097e-01 6.010300194236090077e-01 3.262658065072620017e-01 2.946800899950020036e-01 2.403860490130730054e-01 2.403860490130730054e-01 2.661521793198680097e-01 8.348797789755259269e-03
6.397927082292219347e-02 4.257515300197250302e-02 8.683635543946220670e-02 3.136851184570420281e-02 7.083698255671530553e-02 1.000000000000000000e+00 1.064493764958339972e-01 1.537972413185969937e-02 2.311168524440760166e-02 8.683635543946220670e-02 1.023447281627130022e-02 7.083698255671530553e-02 5.219125639645540160e-02 2.087424839478720096e-02 5.778545256011580200e-02 5.219125639645540160e-02 7.083698255671530553e-02 1.702822236081679916e-02 7.842974815434460012e-02 8.683635543946220670e-02 8.683635543946220670e-02 1.389081663135859936e-02 7.083698255671530553e-02 7.083698255671530553e-02 7.540552626008619787e-03 6.397927082292219347e-02 8.683635543946220670e-02 6.810553487758170231e-03 2.833173354160739912e-02 9.614403722385160556e-02 5.778545256011580200e-02 7.083698255671530553e-02 7.083698255671530553e-02 2.558894503573869855e-02 5.778545256011580200e-02 7.083698255671530553e-02 5.778545256011580200e-02 3.845346238540930245e-02 7.083698255671530553e-02 4.257515300197250302e-02 4.357342460472770208e-04 3.845346238540930245e-02 3.845346238540930245e-02 7.083698255671530553e-02 7.083698255671530553e-02 7.842974815434460012e-02 7.083698255671530553e-02 8.683635543946220670e-02 7.083698255671530553e-02 6.397927082292219347e-02 7.083698255671530553e-02 7.083698255671530553e-02 2.723927244240539804e-03 3.845346238540930245e-02 8.683635543946220670e-02 7.083698255671530553e-02 4.257515300197250302e-02 6.397927082292219347e-02 4.257515300197250302e-02 8.683635543946220670e-02 7.842974815434460012e-02 8.683635543946220670e-02 7.083698255671530553e-02 9.614403722385160556e-02 8.348797789755259269e-03 7.083698255671530553e-02 8.683635543946220670e-02 7.083698255671530553e-02 7.083698255671530553e-02 7.842974815434460012e-02 1.064493764958339972e-01 5.778545256011580200e-02 6.397927082292219347e-02 7.083698255671530553e-02 8.683635543946220670e-02 7.083698255671530553e-02 5.219125639645540160e-02 7.083698255671530553e-02 7.083698255671530553e-02 2.558894503573869855e-02 5.778545256011580200e-02 6.397927082292219347e-02 7.083698255671530553e-02 1.133146975635179916e-02 6.397927082292219347e-02 6.397927082292219347e-02 8.683635543946220670e-02 6.397927082292219347e-02 6.397927082292219347e-02 4.257515300197250302e-02 2.558894503573869855e-02 4.713863305659449915e-02 3.845346238540930245e-02 4.257515300197250302e-02 1.885341728391329991e-02
3.262658065072620017e-01 3.262658065072620017e-01 8.157525980705080393e-01 1.960955440223189905e-01 6.654523012587829633e-01 1.064493764958339972e-01 1.000000000000000000e+00 5.219125639645540160e-02 1.254604991817219982e-02 6.654523012587829633e-01 2.833173354160739912e-02 6.654523012587829633e-01 1.771115802134470008e-01 7.083698255671530553e-02 3.612370842483439981e-01 4.902917998631770025e-01 6.654523012587829633e-01 1.064493764958339972e-01 6.010300194236090077e-01 6.654523012587829633e-01 6.654523012587829633e-01 7.083698255671530553e-02 6.654523012587829633e-01 6.654523012587829633e-01 6.151225395553909688e-03 4.902917998631770025e-01 5.428444436438499832e-01 1.023447281627130022e-02 1.444792317074919952e-01 7.367797796111470454e-01 4.428267652506099883e-01 5.428444436438499832e-01 5.428444436438499832e-01 2.403860490130730054e-01 5.428444436438499832e-01 6.654523012587829633e-01 5.428444436438499832e-01 3.612370842483439981e-01 6.654523012587829633e-01 3.262658065072620017e-01 8.026871254726410197e-04 3.612370842483439981e-01 2.946800899950020036e-01 5.428444436438499832e-01 6.654523012587829633e-01 6.010300194236090077e-01 6.654523012587829633e-01 6.654523012587829633e-01 6.654523012587829633e-01 3.262658065072620017e-01 5.428444436438499832e-01 6.654523012587829633e-01 6.151225395553909688e-03 2.946800899950020036e-01 8.157525980705080393e-01 2.946800899950020036e-01 3.999568095510520060e-01 3.262658065072620017e-01 1.771115802134470008e-01 6.654523012587829633e-01 3.262658065072620017e-01 5.428444436438499832e-01 4.428267652506099883e-01 4.902917998631770025e-01 2.833173354160739912e-02 6.654523012587829633e-01 6.654523012587829633e-01 6.654523012587829633e-01 6.654523012587829633e-01 7.367797796111470454e-01 5.428444436438499832e-01 5.428444436438499832e-01 6.010300194236090077e-01 6.654523012587829633e-01 4.428267652506099883e-01 6.654523012587829633e-01 1.771115802134470008e-01 6.654523012587829633e-01 6.654523012587829633e-01 1.960955440223189905e-01 4.428267652506099883e-01 3.262658065072620017e-01 6.654523012587829633e-01 4.713863305659449915e-02 6.010300194236090077e-01 6.010300194236090077e-01 8.157525980705080393e-01 1.771115802134470008e-01 4.902917998631770025e-01 2.661521793198680097e-01 2.403860490130730054e-01 1.960955440223189905e-01 1.960955440223189905e-01 2.661521793198680097e-01 1.023447281627130022e-02
2.558894503573869855e-02 8.683635543946220670e-02 6.397927082292219347e-02 6.397927082292219347e-02 6.397927082292219347e-02 1.537972413185969937e-02 5.219125639645540160e-02 1.000000000000000000e+00 3.339158527577389818e-03 6.397927082292219347e-02 5.017878097740390356e-03 6.397927082292219347e-02 2.087424839478720096e-02 1.885341728391329991e-02 4.257515300197250302e-02 4.713863305659449915e-02 6.397927082292219347e-02 6.397927082292219347e-02 5.778545256011580200e-02 6.397927082292219347e-02 7.842974815434460012e-02 2.311168524440760166e-02 6.397927082292219347e-02 6.397927082292219347e-02 3.015895370550210081e-03 5.778545256011580200e-02 5.219125639645540160e-02 2.087424839478720096e-02 7.083698255671530553e-02 5.778545256011580200e-02 5.219125639645540160e-02 5.219125639645540160e-02 7.842974815434460012e-02 4.257515300197250302e-02 5.219125639645540160e-02 6.397927082292219347e-02 7.842974815434460012e-02 1.178593086326179956e-01 6.397927082292219347e-02 3.136851184570420281e-02 1.742748788612019997e-04 3.473079167460840083e-02 4.257515300197250302e-02 9.614403722385160556e-02 6.397927082292219347e-02 5.778545256011580200e-02 6.397927082292219347e-02 6.397927082292219347e-02 6.397927082292219347e-02 3.845346238540930245e-02 5.219125639645540160e-02 6.397927082292219347e-02 2.006934514688349814e-03 2.311168524440760166e-02 6.397927082292219347e-02 4.257515300197250302e-02 7.083698255671530553e-02 3.845346238540930245e-02 5.778545256011580200e-02 6.397927082292219347e-02 2.558894503573869855e-02 4.257515300197250302e-02 4.257515300197250302e-02 4.713863305659449915e-02 5.017878097740390356e-03 7.842974815434460012e-02 6.397927082292219347e-02 7.842974815434460012e-02 7.842974815434460012e-02 5.778545256011580200e-02 5.219125639645540160e-02 5.219125639645540160e-02 8.683635543946220670e-02 6.397927082292219347e-02 4.257515300197250302e-02 6.397927082292219347e-02 3.136851184570420281e-02 6.397927082292219347e-02 6.397927082292219347e-02 3.473079167460840083e-02 4.257515300197250302e-02 4.713863305659449915e-02 6.397927082292219347e-02 4.532098491274699770e-03 5.778545256011580200e-02 5.778545256011580200e-02 6.397927082292219347e-02 2.558894503573869855e-02 4.713863305659449915e-02 5.778545256011580200e-02 7.842974815434460012e-02 3.473079167460840083e-02 5.219125639645540160e-02 2.558894503573869855e-02 3.339158527577389818e-03
9.243675893701369661e-03 5.017878097740390356e-03 1.023447281627130022e-02 6.810553487758170231e-03 1.023447281627130022e-02 2.311168524440760166e-02 1.254604991817219982e-02 3.339158527577389818e-03 1.000000000000000000e+00 1.023447281627130022e-02 6.151225395553909688e-03 1.023447281627130022e-02 5.017878097740390356e-03 3.697071118968769856e-03 8.348797789755259269e-03 7.540552626008619787e-03 1.023447281627130022e-02 2.460224484035150073e-03 9.243675893701369661e-03 1.254604991817219982e-02 1.023447281627130022e-02 2.460224484035150073e-03 1.023447281627130022e-02 1.023447281627130022e-02 6.810553487758170231e-03 9.243675893701369661e-03 1.023447281627130022e-02 1.206227890345049894e-03 3.339158527577389818e-03 9.243675893701369661e-03 1.023447281627130022e-02 1.023447281627130022e-02 1.023447281627130022e-02 3.697071118968769856e-03 8.348797789755259269e-03 1.023447281627130022e-02 8.348797789755259269e-03 5.555726701936879695e-03 1.023447281627130022e-02 6.151225395553909688e-03 1.742748788612019997e-04 5.555726701936879695e-03 5.555726701936879695e-03 8.348797789755259269e-03 1.254604991817219982e-02 9.243675893701369661e-03 1.023447281627130022e-02 1.023447281627130022e-02 1.023447281627130022e-02 5.017878097740390356e-03 8.348797789755259269e-03 1.023447281627130022e-02 7.249791723633840354e-04 5.555726701936879695e-03 1.023447281627130022e-02 1.885341728391329991e-02 7.540552626008619787e-03 1.133146975635179916e-02 6.151225395553909688e-03 1.254604991817219982e-02 1.133146975635179916e-02 1.023447281627130022e-02 1.023447281627130022e-02 7.540552626008619787e-03 2.222050726444259935e-03 1.023447281627130022e-02 1.254604991817219982e-02 1.254604991817219982e-02 1.023447281627130022e-02 1.133146975635179916e-02 1.254604991817219982e-02 1.023447281627130022e-02 9.243675893701369661e-03 1.254604991817219982e-02 1.023447281627130022e-02 1.254604991817219982e-02 9.243675893701369661e-03 1.023447281627130022e-02 1.023447281627130022e-02 6.810553487758170231e-03 1.537972413185969937e-02 9.243675893701369661e-03 1.023447281627130022e-02 5.555726701936879695e-03 9.243675893701369661e-03 9.243675893701369661e-03 1.023447281627130022e-02 1.702822236081679916e-02 1.389081663135859936e-02 7.540552626008619787e-03 3.697071118968769856e-03 1.885341728391329991e-02 2.311168524440760166e-02 2.558894503573869855e-02 1.702822236081679916e-02
3.999568095510520060e-01 3.999568095510520060e-01 8.157525980705080393e-01 2.403860490130730054e-01 8.157525980705080393e-01 8.683635543946220670e-02 6.654523012587829633e-01 6.397927082292219347e-02 1.023447281627130022e-02 1.000000000000000000e+00 2.311168524440760166e-02 8.157525980705080393e-01 1.771115802134470008e-01 8.683635543946220670e-02 4.428267652506099883e-01 6.010300194236090077e-01 8.157525980705080393e-01 1.064493764958339972e-01 7.367797796111470454e-01 8.157525980705080393e-01 8.157525980705080393e-01 8.683635543946220670e-02 8.157525980705080393e-01 8.157525980705080393e-01 7.540552626008619787e-03 6.010300194236090077e-01 8.157525980705080393e-01 1.254604991817219982e-02 1.771115802134470008e-01 9.031902336000470211e-01 4.428267652506099883e-01 6.654523012587829633e-01 6.654523012587829633e-01 2.946800899950020036e-01 6.654523012587829633e-01 8.157525980705080393e-01 6.654523012587829633e-01 4.428267652506099883e-01 8.157525980705080393e-01 3.999568095510520060e-01 8.026871254726410197e-04 4.428267652506099883e-01 3.612370842483439981e-01 6.654523012587829633e-01 8.157525980705080393e-01 9.031902336000470211e-01 8.157525980705080393e-01 1.000000000000000000e+00 8.157525980705080393e-01 3.999568095510520060e-01 6.654523012587829633e-01 8.157525980705080393e-01 6.151225395553909688e-03 3.612370842483439981e-01 8.157525980705080393e-01 3.612370842483439981e-01 4.902917998631770025e-01 3.999568095510520060e-01 1.771115802134470008e-01 8.157525980705080393e-01 3.999568095510520060e-01 6.654523012587829633e-01 4.428267652506099883e-01 7.367797796111470454e-01 2.311168524440760166e-02 8.157525980705080393e-01 8.157525980705080393e-01 8.157525980705080393e-01 8.157525980705080393e-01 7.367797796111470454e-01 6.654523012587829633e-01 6.654523012587829633e-01 7.367797796111470454e-01 8.157525980705080393e-01 5.428444436438499832e-01 8.157525980705080393e-01 2.661521793198680097e-01 8.157525980705080393e-01 8.157525980705080393e-01 1.960955440223189905e-01 5.428444436438499832e-01 4.902917998631770025e-01 8.157525980705080393e-01 3.845346238540930245e-02 7.367797796111470454e-01 7.367797796111470454e-01 8.157525980705080393e-01 2.171143317623099867e-01 6.010300194236090077e-01 3.262658065072620017e-01 2.946800899950020036e-01 2.403860490130730054e-01 2.403860490130730054e-01 2.661521793198680097e-01 6.810553487758170231e-03
1.702822236081679916e-02 1.389081663135859936e-02 2.833173354160739912e-02 1.537972413185969937e-02 2.311168524440760166e-02 1.023447281627130022e-02 2.833173354160739912e-02 5.017878097740390356e-03 6.151225395553909688e-03 2.311168524440760166e-02 1.000000000000000000e+00 2.311168524440760166e-02 1.389081663135859936e-02 5.555726701936879695e-03 1.885341728391329991e-02 1.702822236081679916e-02 2.311168524440760166e-02 6.810553487758170231e-03 2.087424839478720096e-02 2.311168524440760166e-02 2.833173354160739912e-02 3.015895370550210081e-03 2.311168524440760166e-02 2.311168524440760166e-02 3.015895370550210081e-03 2.087424839478720096e-02 2.833173354160739912e-02 2.222050726444259935e-03 1.133146975635179916e-02 2.558894503573869855e-02 2.311168524440760166e-02 2.833173354160739912e-02 2.311168524440760166e-02 8.348797789755259269e-03 1.885341728391329991e-02 2.311168524440760166e-02 1.885341728391329991e-02 1.885341728391329991e-02 2.311168524440760166e-02 1.133146975635179916e-02 1.421651852094479895e-04 1.254604991817219982e-02 1.885341728391329991e-02 2.311168524440760166e-02 2.833173354160739912e-02 2.087424839478720096e-02 2.311168524440760166e-02 2.311168524440760166e-02 2.311168524440760166e-02 2.558894503573869855e-02 2.311168524440760166e-02 2.311168524440760166e-02 1.335519191275039933e-03 1.885341728391329991e-02 2.833173354160739912e-02 1.537972413185969937e-02 2.558894503573869855e-02 2.087424839478720096e-02 9.243675893701369661e-03 2.311168524440760166e-02 3.136851184570420281e-02 1.885341728391329991e-02 5.219125639645540160e-02 2.087424839478720096e-02 1.702822236081679916e-02 2.311168524440760166e-02 2.311168524440760166e-02 2.311168524440760166e-02 2.311168524440760166e-02 3.136851184570420281e-02 2.311168524440760166e-02 2.311168524440760166e-02 2.558894503573869855e-02 2.311168524440760166e-02 3.473079167460840083e-02 2.833173354160739912e-02 1.389081663135859936e-02 2.311168524440760166e-02 2.311168524440760166e-02 1.537972413185969937e-02 2.311168524440760166e-02 1.133146975635179916e-02 2.311168524440760166e-02 2.311168524440760166e-02 2.087424839478720096e-02 2.087424839478720096e-02 2.833173354160739912e-02 1.389081663135859936e-02 3.136851184570420281e-02 1.702822236081679916e-02 1.023447281627130022e-02 1.537972413185969937e-02 1.537972413185969937e-02 2.087424839478720096e-02 5.017878097740390356e-03
3.999568095510520060e-01 3.999568095510520060e-01 8.157525980705080393e-01 2.403860490130730054e-01 8.157525980705080393e-01 7.083698255671530553e-02 6.654523012587829633e-01 6.397927082292219347e-02 1.023447281627130022e-02 8.157525980705080393e-01 2.311168524440760166e-02 1.000000000000000000e+00 1.771115802134470008e-01 1.064493764958339972e-01 4.428267652506099883e-01 6.010300194236090077e-01 8.157525980705080393e-01 1.064493764958339972e-01 7.367797796111470454e-01 8.157525980705080393e-01 8.157525980705080393e-01 1.064493764958339972e-01 8.157525980705080393e-01 8.157525980705080393e-01 6.151225395553909688e-03 6.010300194236090077e-01 6.654523012587829633e-01 1.537972413185969937e-02 1.771115802134470008e-01 7.367797796111470454e-01 4.428267652506099883e-01 6.654523012587829633e-01 6.654523012587829633e-01 2.946800899950020036e-01 6.654523012587829633e-01 8.157525980705080393e-01 6.654523012587829633e-01 4.428267652506099883e-01 8.157525980705080393e-01 3.999568095510520060e-01 8.026871254726410197e-04 4.428267652506099883e-01 3.612370842483439981e-01 6.654523012587829633e-01 8.157525980705080393e-01 7.367797796111470454e-01 8.157525980705080393e-01 8.157525980705080393e-01 8.157525980705080393e-01 3.999568095510520060e-01 6.654523012587829633e-01 8.157525980705080393e-01 5.017878097740390356e-03 2.946800899950020036e-01 8.157525980705080393e-01 3.612370842483439981e-01 4.902917998631770025e-01 3.999568095510520060e-01 1.771115802134470008e-01 8.157525980705080393e-01 3.262658065072620017e-01 5.428444436438499832e-01 4.428267652506099883e-01 6.010300194236090077e-01 2.833173354160739912e-02 8.157525980705080393e-01 8.157525980705080393e-01 8.157525980705080393e-01 8.157525980705080393e-01 7.367797796111470454e-01 6.654523012587829633e-01 6.654523012587829633e-01 7.367797796111470454e-01 8.157525980705080393e-01 4.428267652506099883e-01 8.157525980705080393e-01 2.171143317623099867e-01 8.157525980705080393e-01 8.157525980705080393e-01 1.960955440223189905e-01 5.428444436438499832e-01 3.999568095510520060e-01 8.157525980705080393e-01 3.845346238540930245e-02 7.367797796111470454e-01 7.367797796111470454e-01 8.157525980705080393e-01 2.171143317623099867e-01 6.010300194236090077e-01 3.262658065072620017e-01 3.612370842483439981e-01 2.403860490130730054e-01 2.403860490130730054e-01 2.661521793198680097e-01 6.810553487758170231e-03
8.683635543946220670e-02 8.683635543946220670e-02 1.771115802134470008e-01 5.219125639645540160e-02 1.771115802134470008e-01 5.219125639645540160e-02 1.771115802134470008e-01 2.087424839478720096e-02 5.017878097740390356e-03 1.771115802134470008e-01 1.389081663135859936e-02 1.771115802134470008e-01 1.000000000000000000e+00 1.771115802134470008e-01 2.171143317623099867e-01 2.403860490130730054e-01 1.771115802134470008e-01 5.219125639645540160e-02 1.960955440223189905e-01 1.771115802134470008e-01 1.771115802134470008e-01 2.833173354160739912e-02 1.771115802134470008e-01 1.771115802134470008e-01 8.348797789755259269e-03 1.599654495062559911e-01 1.444792317074919952e-01 1.133146975635179916e-02 3.845346238540930245e-02 1.599654495062559911e-01 1.178593086326179956e-01 1.444792317074919952e-01 1.444792317074919952e-01 6.397927082292219347e-02 1.444792317074919952e-01 1.771115802134470008e-01 1.444792317074919952e-01 9.614403722385160556e-02 2.171143317623099867e-01 8.683635543946220670e-02 1.089453250055640032e-03 9.614403722385160556e-02 7.842974815434460012e-02 1.771115802134470008e-01 1.771115802134470008e-01 1.960955440223189905e-01 1.771115802134470008e-01 1.771115802134470008e-01 1.771115802134470008e-01 1.599654495062559911e-01 1.771115802134470008e-01 1.771115802134470008e-01 8.348797789755259269e-03 6.397927082292219347e-02 1.771115802134470008e-01 9.614403722385160556e-02 1.064493764958339972e-01 1.064493764958339972e-01 1.064493764958339972e-01 1.771115802134470008e-01 8.683635543946220670e-02 1.178593086326179956e-01 1.178593086326179956e-01 1.599654495062559911e-01 7.540552626008619787e-03 1.771115802134470008e-01 1.771115802134470008e-01 1.771115802134470008e-01 1.771115802134470008e-01 1.599654495062559911e-01 1.771115802134470008e-01 1.444792317074919952e-01 1.599654495062559911e-01 1.771115802134470008e-01 1.178593086326179956e-01 1.771115802134470008e-01 7.083698255671530553e-02 1.771115802134470008e-01 1.771115802134470008e-01 5.219125639645540160e-02 1.444792317074919952e-01 1.064493764958339972e-01 1.771115802134470008e-01 2.311168524440760166e-02 1.599654495062559911e-01 1.599654495062559911e-01 1.771115802134470008e-01 8.683635543946220670e-02 1.599654495062559911e-01 8.683635543946220670e-02 6.397927082292219347e-02 6.397927082292219347e-02 5.219125639645540160e-02 5.778545256011580200e-02 6.151225395553909688e-03
4.257515300197250302e-02 4.257515300197250302e-02 8.683635543946220670e-02 3.845346238540930245e-02 1.064493764958339972e-01 2.087424839478720096e-02 7.083698255671530553e-02 1.885341728391329991e-02 3.697071118968769856e-03 8.683635543946220670e-02 5.555726701936879695e-03 1.064493764958339972e-01 1.771115802134470008e-01 1.000000000000000000e+00 1.304922310362449933e-01 1.178593086326179956e-01 8.683635543946220670e-02 2.087424839478720096e-02 7.842974815434460012e-02 8.683635543946220670e-02 8.683635543946220670e-02 3.136851184570420281e-02 8.683635543946220670e-02 8.683635543946220670e-02 3.339158527577389818e-03 7.842974815434460012e-02 7.083698255671530553e-02 6.810553487758170231e-03 3.473079167460840083e-02 7.842974815434460012e-02 5.778545256011580200e-02 7.083698255671530553e-02 8.683635543946220670e-02 3.136851184570420281e-02 7.083698255671530553e-02 8.683635543946220670e-02 7.083698255671530553e-02 4.713863305659449915e-02 1.064493764958339972e-01 4.257515300197250302e-02 6.547941080420540284e-04 4.713863305659449915e-02 7.083698255671530553e-02 8.683635543946220670e-02 8.683635543946220670e-02 9.614403722385160556e-02 8.683635543946220670e-02 8.683635543946220670e-02 8.683635543946220670e-02 9.614403722385160556e-02 1.064493764958339972e-01 8.683635543946220670e-02 6.151225395553909688e-03 3.845346238540930245e-02 8.683635543946220670e-02 5.778545256011580200e-02 5.219125639645540160e-02 6.397927082292219347e-02 4.257515300197250302e-02 1.064493764958339972e-01 5.219125639645540160e-02 7.083698255671530553e-02 5.778545256011580200e-02 9.614403722385160556e-02 1.254604991817219982e-02 8.683635543946220670e-02 8.683635543946220670e-02 8.683635543946220670e-02 8.683635543946220670e-02 7.842974815434460012e-02 7.083698255671530553e-02 8.683635543946220670e-02 7.842974815434460012e-02 8.683635543946220670e-02 5.778545256011580200e-02 8.683635543946220670e-02 3.473079167460840083e-02 8.683635543946220670e-02 8.683635543946220670e-02 3.845346238540930245e-02 7.083698255671530553e-02 6.397927082292219347e-02 1.064493764958339972e-01 1.702822236081679916e-02 7.842974815434460012e-02 7.842974815434460012e-02 8.683635543946220670e-02 7.842974815434460012e-02 7.842974815434460012e-02 4.257515300197250302e-02 3.845346238540930245e-02 3.136851184570420281e-02 3.136851184570420281e-02 3.473079167460840083e-02 4.532098491274699770e-03
1.771115802134470008e-01 2.171143317623099867e-01 4.428267652506099883e-01 1.304922310362449933e-01 4.428267652506099883e-01 5.778545256011580200e-02 3.612370842483439981e-01 4.257515300197250302e-02 8.348797789755259269e-03 4.428267652506099883e-01 1.885341728391329991e-02 4.428267652506099883e-01 2.171143317623099867e-01 1.304922310362449933e-01 1.000000000000000000e+00 4.902917998631770025e-01 4.428267652506099883e-01 5.778545256011580200e-02 3.999568095510520060e-01 4.428267652506099883e-01 4.428267652506099883e-01 5.778545256011580200e-02 4.428267652506099883e-01 4.428267652506099883e-01 6.151225395553909688e-03 3.262658065072620017e-01 4.428267652506099883e-01 1.023447281627130022e-02 9.614403722385160556e-02 3.999568095510520060e-01 2.403860490130730054e-01 4.428267652506099883e-01 3.612370842483439981e-01 1.599654495062559911e-01 3.612370842483439981e-01 4.428267652506099883e-01 3.612370842483439981e-01 2.403860490130730054e-01 4.428267652506099883e-01 2.171143317623099867e-01 5.341499948365660295e-04 2.403860490130730054e-01 1.960955440223189905e-01 3.612370842483439981e-01 4.428267652506099883e-01 3.999568095510520060e-01 4.428267652506099883e-01 4.428267652506099883e-01 4.428267652506099883e-01 3.999568095510520060e-01 4.428267652506099883e-01 4.428267652506099883e-01 5.017878097740390356e-03 1.599654495062559911e-01 4.428267652506099883e-01 1.960955440223189905e-01 2.661521793198680097e-01 2.661521793198680097e-01 1.178593086326179956e-01 4.428267652506099883e-01 2.171143317623099867e-01 2.946800899950020036e-01 2.946800899950020036e-01 3.999568095510520060e-01 1.885341728391329991e-02 4.428267652506099883e-01 4.428267652506099883e-01 4.428267652506099883e-01 4.428267652506099883e-01 3.999568095510520060e-01 3.612370842483439981e-01 3.612370842483439981e-01 3.999568095510520060e-01 4.428267652506099883e-01 2.403860490130730054e-01 4.428267652506099883e-01 1.178593086326179956e-01 4.428267652506099883e-01 4.428267652506099883e-01 1.064493764958339972e-01 2.946800899950020036e-01 2.171143317623099867e-01 4.428267652506099883e-01 2.558894503573869855e-02 3.999568095510520060e-01 3.999568095510520060e-01 4.428267652506099883e-01 1.444792317074919952e-01 3.262658065072620017e-01 2.171143317623099867e-01 1.599654495062559911e-01 1.304922310362449933e-01 1.304922310362449933e-01 1.444792317074919952e-01 6.810553487758170231e-03
2.403860490130730054e-01 2.946800899950020036e-01 6.010300194236090077e-01 1.771115802134470008e-01 6.010300194236090077e-01 5.219125639645540160e-02 4.902917998631770025e-01 4.713863305659449915e-02 7.540552626008619787e-03 6.010300194236090077e-01 1.702822236081679916e-02 6.010300194236090077e-01 2.403860490130730054e-01 1.178593086326179956e-01 4.902917998631770025e-01 1.000000000000000000e+00 7.367797796111470454e-01 7.842974815434460012e-02 5.428444436438499832e-01 6.010300194236090077e-01 6.010300194236090077e-01 6.397927082292219347e-02 6.010300194236090077e-01 6.010300194236090077e-01 5.555726701936879695e-03 4.428267652506099883e-01 4.902917998631770025e-01 9.243675893701369661e-03 1.304922310362449933e-01 5.428444436438499832e-01 3.262658065072620017e-01 4.902917998631770025e-01 4.902917998631770025e-01 2.171143317623099867e-01 4.902917998631770025e-01 6.010300194236090077e-01 4.902917998631770025e-01 3.262658065072620017e-01 6.010300194236090077e-01 2.946800899950020036e-01 5.914036434024370166e-04 3.262658065072620017e-01 2.661521793198680097e-01 4.902917998631770025e-01 6.010300194236090077e-01 5.428444436438499832e-01 6.010300194236090077e-01 6.010300194236090077e-01 6.010300194236090077e-01 3.612370842483439981e-01 6.010300194236090077e-01 6.010300194236090077e-01 3.697071118968769856e-03 2.171143317623099867e-01 6.010300194236090077e-01 2.661521793198680097e-01 3.612370842483439981e-01 2.946800899950020036e-01 1.304922310362449933e-01 6.010300194236090077e-01 2.403860490130730054e-01 3.999568095510520060e-01 3.262658065072620017e-01 4.428267652506099883e-01 1.702822236081679916e-02 6.010300194236090077e-01 6.010300194236090077e-01 6.010300194236090077e-01 6.010300194236090077e-01 5.428444436438499832e-01 4.902917998631770025e-01 4.902917998631770025e-01 5.428444436438499832e-01 6.010300194236090077e-01 3.262658065072620017e-01 6.010300194236090077e-01 1.599654495062559911e-01 7.367797796111470454e-01 7.367797796111470454e-01 1.444792317074919952e-01 3.999568095510520060e-01 2.946800899950020036e-01 6.010300194236090077e-01 2.833173354160739912e-02 5.428444436438499832e-01 5.428444436438499832e-01 6.010300194236090077e-01 1.599654495062559911e-01 4.428267652506099883e-01 2.403860490130730054e-01 2.171143317623099867e-01 1.771115802134470008e-01 1.771115802134470008e-01 1.960955440223189905e-01 5.017878097740390356e-03
